[[1]]
[[1]][[1]]
[1] 5.75


[[2]]
[[2]][[1]]
[1]  9.65 10.85


[[3]]
[[3]][[1]]
[1] 11.85 13.20 17.70 23.00 25.25


[[4]]
[[4]][[1]]
NULL


[[5]]
[[5]][[1]]
[1]  4.45 10.75 12.35


[[6]]
[[6]][[1]]
[1] 5.35


[[7]]
[[7]][[1]]
[1]  4.6 24.4


[[8]]
[[8]][[1]]
[1]  3.85 17.05 24.00


[[9]]
[[9]][[1]]
NULL


[[10]]
[[10]][[1]]
[1] 1.85


[[11]]
[[11]][[1]]
[1] 16.6


[[12]]
[[12]][[1]]
[1] 10.3


[[13]]
[[13]][[1]]
[1]  2.9 11.0


[[14]]
[[14]][[1]]
[1]  2.95 11.80 12.05 12.60


[[15]]
[[15]][[1]]
[1] 5.15


[[16]]
[[16]][[1]]
[1]  0.55  2.80 13.35


[[17]]
[[17]][[1]]
[1] 3.5 4.0 4.6


