[[1]]
[[1]][[1]]
NULL


[[2]]
[[2]][[1]]
NULL


[[3]]
[[3]][[1]]
NULL


[[4]]
[[4]][[1]]
NULL


[[5]]
[[5]][[1]]
[1] 15.55 20.80


[[6]]
[[6]][[1]]
NULL


[[7]]
[[7]][[1]]
[1] NA


[[8]]
[[8]][[1]]
NULL


[[9]]
[[9]][[1]]
[1] 3.35 9.90


[[10]]
[[10]][[1]]
[1] 1.9


[[11]]
[[11]][[1]]
[1] 6.35 8.45


[[12]]
[[12]][[1]]
[1]  3.40  9.25 17.45


[[13]]
[[13]][[1]]
[1] 15


[[14]]
[[14]][[1]]
[1] 4.65


[[15]]
[[15]][[1]]
NULL


[[16]]
[[16]][[1]]
[1] 4.25 4.85 6.55


[[17]]
[[17]][[1]]
[1] 0.45 3.10 3.95


