[[1]]
[[1]][[1]]
NULL


[[2]]
[[2]][[1]]
NULL


[[3]]
[[3]][[1]]
NULL


[[4]]
[[4]][[1]]
NULL


[[5]]
[[5]][[1]]
[1] 14.85 20.15


[[6]]
[[6]][[1]]
NULL


[[7]]
[[7]][[1]]
[1] NA


[[8]]
[[8]][[1]]
NULL


[[9]]
[[9]][[1]]
[1] 3.20 9.75


[[10]]
[[10]][[1]]
[1] 1.9


[[11]]
[[11]][[1]]
[1] 6.25 7.35


[[12]]
[[12]][[1]]
[1]  2.80  8.20 15.75


[[13]]
[[13]][[1]]
[1] 13.3


[[14]]
[[14]][[1]]
[1] 4.65


[[15]]
[[15]][[1]]
NULL


[[16]]
[[16]][[1]]
[1] 4.00 4.85 5.40


[[17]]
[[17]][[1]]
[1] 0.45 2.55 3.75


