[[1]]
[[1]][[1]]
NULL


[[2]]
[[2]][[1]]
NULL


[[3]]
[[3]][[1]]
NULL


[[4]]
[[4]][[1]]
NULL


[[5]]
[[5]][[1]]
[1] 23.9


[[6]]
[[6]][[1]]
NULL


[[7]]
[[7]][[1]]
[1] NA


[[8]]
[[8]][[1]]
NULL


[[9]]
[[9]][[1]]
[1] 10.90 12.95 18.85


[[10]]
[[10]][[1]]
[1] 10.65 17.70 20.10


[[11]]
[[11]][[1]]
[1] 8.25 8.35


[[12]]
[[12]][[1]]
[1] 17.35 18.00


[[13]]
[[13]][[1]]
[1] 14.55 23.55


[[14]]
[[14]][[1]]
[1]  6.65 15.10


[[15]]
[[15]][[1]]
NULL


[[16]]
[[16]][[1]]
[1]  6.15 10.00 13.00 19.20


[[17]]
[[17]][[1]]
[1]  0.95  4.20  4.85  8.10 15.90


