[[1]]
[[1]][[1]]
[1]  9.55 10.30 19.70


[[2]]
[[2]][[1]]
[1]  0.70  3.05  3.65  4.60  5.65 10.10 12.50


[[3]]
[[3]][[1]]
[1] 4.25 7.10


[[4]]
[[4]][[1]]
[1] 0.70 3.25 4.60 5.20


[[5]]
[[5]][[1]]
[1] 0.45 8.40 8.60


[[6]]
[[6]][[1]]
[1]  7.25  7.80  9.80 14.15 20.55 21.05 23.35 24.25


[[7]]
[[7]][[1]]
[1] NA


[[8]]
[[8]][[1]]
NULL


[[9]]
[[9]][[1]]
[1] 3.2


[[10]]
[[10]][[1]]
[1] 1.3


[[11]]
[[11]][[1]]
[1]  2.55  8.85 11.35


[[12]]
[[12]][[1]]
[1] 4.1 5.4 6.8


[[13]]
[[13]][[1]]
[1] 2.2


[[14]]
[[14]][[1]]
[1] 9.6


[[15]]
[[15]][[1]]
NULL


[[16]]
[[16]][[1]]
[1] 1.75 2.30 5.40 6.20


[[17]]
[[17]][[1]]
[1]  0.45  1.15  1.80 12.95


