[[1]]
[[1]][[1]]
NULL


[[2]]
[[2]][[1]]
NULL


[[3]]
[[3]][[1]]
NULL


[[4]]
[[4]][[1]]
[1] 0.65 3.00


[[5]]
[[5]][[1]]
[1]  2.25  5.10 12.65


[[6]]
[[6]][[1]]
[1] 12.1


[[7]]
[[7]][[1]]
NULL


[[8]]
[[8]][[1]]
NULL


[[9]]
[[9]][[1]]
[1] 11.15


[[10]]
[[10]][[1]]
[1] 11.3


[[11]]
[[11]][[1]]
[1] 12.3 14.3


[[12]]
[[12]][[1]]
[1]  2.05 15.45


[[13]]
[[13]][[1]]
[1] 16.25 18.15


[[14]]
[[14]][[1]]
[1] 16.55 24.90


[[15]]
[[15]][[1]]
 [1] 1.10 2.15 2.50 3.05 3.30 3.60 4.45 4.80 5.65 7.10 7.90


[[16]]
[[16]][[1]]
[1] 14.85


[[17]]
[[17]][[1]]
[1] 13.70 15.65


