[[1]]
[[1]][[1]]
NULL


[[2]]
[[2]][[1]]
NULL


[[3]]
[[3]][[1]]
NULL


[[4]]
[[4]][[1]]
NULL


[[5]]
[[5]][[1]]
[1] 10.55 12.40 23.75


[[6]]
[[6]][[1]]
[1] 12.05 14.00 25.65


[[7]]
[[7]][[1]]
NULL


[[8]]
[[8]][[1]]
NULL


[[9]]
[[9]][[1]]
[1] 16.75


[[10]]
[[10]][[1]]
[1] 11.35 22.95


[[11]]
[[11]][[1]]
[1]  6.15 14.25 23.80


[[12]]
[[12]][[1]]
NULL


[[13]]
[[13]][[1]]
[1]  0.05 18.25 19.30


[[14]]
[[14]][[1]]
[1] 19.45 24.75


[[15]]
[[15]][[1]]
 [1] 0.70 0.95 1.25 1.75 2.60 2.90 3.15 4.05 4.35 4.90 5.20 5.85 7.55 8.35


[[16]]
[[16]][[1]]
[1]  5.00  6.40 14.75 19.35 20.60 24.10


[[17]]
[[17]][[1]]
[1] 15.45


