[[1]]
[[1]][[1]]
NULL


[[2]]
[[2]][[1]]
NULL


[[3]]
[[3]][[1]]
[1]  4.20  5.30  8.55 14.45


[[4]]
[[4]][[1]]
[1]  0.55  3.30  3.75  9.75 15.00 23.95 24.60


[[5]]
[[5]][[1]]
[1] 11.9


[[6]]
[[6]][[1]]
[1] 12.1


[[7]]
[[7]][[1]]
[1] 1.35 9.65


[[8]]
[[8]][[1]]
NULL


[[9]]
[[9]][[1]]
[1]  5.4 26.6


[[10]]
[[10]][[1]]
[1]  2.85 21.55 26.30


[[11]]
[[11]][[1]]
NULL


[[12]]
[[12]][[1]]
[1]  3.35  4.75 11.90


[[13]]
[[13]][[1]]
 [1]  4.90  5.70  6.20  8.50  9.40  9.65 12.15 12.35 13.90 14.15 14.55 18.00 21.70 23.45


[[14]]
[[14]][[1]]
[1] 13.3 23.9


[[15]]
[[15]][[1]]
NULL


[[16]]
[[16]][[1]]
[1] 10.35 14.85 18.75


[[17]]
[[17]][[1]]
[1]  0.50  8.35 26.10


