[[1]]
[[1]][[1]]
[1] 22.6


[[2]]
[[2]][[1]]
NULL


[[3]]
[[3]][[1]]
[1]  3.40  5.30  8.50 13.25


[[4]]
[[4]][[1]]
[1]  0.45  2.10  3.55  8.80 13.15 23.75 24.55


[[5]]
[[5]][[1]]
[1] 11


[[6]]
[[6]][[1]]
[1] 11


[[7]]
[[7]][[1]]
[1] 1.15 9.40


[[8]]
[[8]][[1]]
NULL


[[9]]
[[9]][[1]]
[1]  4.00 26.55


[[10]]
[[10]][[1]]
[1]  2.80 20.45 25.75


[[11]]
[[11]][[1]]
NULL


[[12]]
[[12]][[1]]
[1]  2.60  3.95 10.85


[[13]]
[[13]][[1]]
 [1]  4.80  5.60  5.95  8.40  8.65  9.55 11.60 12.30 13.80 14.05 14.55 17.60 21.65 22.80


[[14]]
[[14]][[1]]
[1] 10.85 23.45


[[15]]
[[15]][[1]]
NULL


[[16]]
[[16]][[1]]
[1]  7.30 14.05 17.90


[[17]]
[[17]][[1]]
[1]  0.45  6.00 25.85


