[[1]]
[[1]][[1]]
NULL


[[2]]
[[2]][[1]]
[1]  0.65  2.15 19.10 21.15


[[3]]
[[3]][[1]]
[1]  0.70 14.85


[[4]]
[[4]][[1]]
[1]  0.90 10.75


[[5]]
[[5]][[1]]
[1]  0.45  8.30 10.10 18.30 21.20 26.50


[[6]]
[[6]][[1]]
[1]  3.0 11.6


[[7]]
[[7]][[1]]
NULL


[[8]]
[[8]][[1]]
NULL


[[9]]
[[9]][[1]]
[1]  2.15  3.20 11.50 13.45 15.40


[[10]]
[[10]][[1]]
[1]  2.10  2.95  3.70  4.45 13.75


[[11]]
[[11]][[1]]
[1]  2.30  9.65 11.25 11.95


[[12]]
[[12]][[1]]
[1] 0.45 4.35


[[13]]
[[13]][[1]]
[1]  6.00 25.15


[[14]]
[[14]][[1]]
NULL


[[15]]
[[15]][[1]]
[1]  3.00 24.25 24.55 26.25


[[16]]
[[16]][[1]]
[1] 0.95


[[17]]
[[17]][[1]]
[1]  0.45  4.50 10.40 11.25 18.45


