[[1]]
[[1]][[1]]
NULL


[[2]]
[[2]][[1]]
[1] 25.65


[[3]]
[[3]][[1]]
[1] 16.65 20.35 20.65 21.05 22.00 22.90 26.45


[[4]]
[[4]][[1]]
[1] 24.35 26.75


[[5]]
[[5]][[1]]
[1] 13.00 14.50 21.95


[[6]]
[[6]][[1]]
[1] 20.15


[[7]]
[[7]][[1]]
NULL


[[8]]
[[8]][[1]]
[1] 0.5


[[9]]
[[9]][[1]]
[1] 17.45 18.60 22.40


[[10]]
[[10]][[1]]
[1] 20.50 22.75 23.05 23.70 24.20


[[11]]
[[11]][[1]]
[1]  0.2 14.3


[[12]]
[[12]][[1]]
[1] 12.00 13.90 14.30 17.45 19.60 21.75


[[13]]
[[13]][[1]]
[1] 12.20 14.85 17.35 18.30 23.10 25.45


[[14]]
[[14]][[1]]
NULL


[[15]]
[[15]][[1]]
NULL


[[16]]
[[16]][[1]]
[1] 12.35 15.00 21.90 26.35


[[17]]
[[17]][[1]]
[1] 13.20 22.15 25.20 26.15


