[[1]]
[[1]][[1]]
NULL


[[2]]
[[2]][[1]]
[1]  1.35  2.80 19.55 21.60


[[3]]
[[3]][[1]]
[1]  0.75 15.35


[[4]]
[[4]][[1]]
[1]  2.25 12.25


[[5]]
[[5]][[1]]
[1]  1.00  9.40 10.75 20.20 22.05


[[6]]
[[6]][[1]]
[1]  3.4 12.4


[[7]]
[[7]][[1]]
NULL


[[8]]
[[8]][[1]]
NULL


[[9]]
[[9]][[1]]
[1]  2.35  3.75 13.25 15.05 15.45


[[10]]
[[10]][[1]]
[1]  2.60  3.05  3.90  4.50 16.90


[[11]]
[[11]][[1]]
[1]  2.75 10.40 11.70 13.00


[[12]]
[[12]][[1]]
[1] 0.7 6.0


[[13]]
[[13]][[1]]
[1]  7.80 25.65


[[14]]
[[14]][[1]]
NULL


[[15]]
[[15]][[1]]
[1]  3.85 24.25 25.10 26.35


[[16]]
[[16]][[1]]
[1] 1.5


[[17]]
[[17]][[1]]
[1]  0.65  4.55 10.75 13.15 20.15


