[[1]]
[[1]][[1]]
NULL


[[2]]
[[2]][[1]]
NULL


[[3]]
[[3]][[1]]
NULL


[[4]]
[[4]][[1]]
[1]  4.60 18.30 19.90 21.85


[[5]]
[[5]][[1]]
[1]  0.70  3.10  3.75  8.10 19.35


[[6]]
[[6]][[1]]
NULL


[[7]]
[[7]][[1]]
[1]  1.20  8.40 17.30 18.55 19.75 25.85


[[8]]
[[8]][[1]]
[1] 2.35 4.15


[[9]]
[[9]][[1]]
[1] 18.5 18.6


[[10]]
[[10]][[1]]
[1]  3.10 20.45 24.80


[[11]]
[[11]][[1]]
[1]  1.85 22.35 22.90 24.40


[[12]]
[[12]][[1]]
[1]  4.30 15.50 16.65 19.15 26.10


[[13]]
[[13]][[1]]
[1]  0.55  2.40  5.50 13.80 14.15 14.60 16.20 23.40


[[14]]
[[14]][[1]]
NULL


[[15]]
[[15]][[1]]
[1] 1.4


[[16]]
[[16]][[1]]
[1]  2.90 15.95 20.15 23.10 24.30


[[17]]
[[17]][[1]]
[1]  2.25  9.80 12.75 16.20 19.85 26.50


