[[1]]
[[1]][[1]]
[1] 16


[[2]]
[[2]][[1]]
NULL


[[3]]
[[3]][[1]]
[1]  2.05 16.70


[[4]]
[[4]][[1]]
NULL


[[5]]
[[5]][[1]]
[1] 8.55


[[6]]
[[6]][[1]]
[1]  6.10  6.40 11.85 17.75


[[7]]
[[7]][[1]]
NULL


[[8]]
[[8]][[1]]
[1] 5.3


[[9]]
[[9]][[1]]
[1]  9.50 12.15 16.85 22.25 25.05 25.75


[[10]]
[[10]][[1]]
[1] 12.65


[[11]]
[[11]][[1]]
NULL


[[12]]
[[12]][[1]]
NULL


[[13]]
[[13]][[1]]
NULL


[[14]]
[[14]][[1]]
[1] 8.35 8.60 9.60


[[15]]
[[15]][[1]]
[1]  5.65 15.70


[[16]]
[[16]][[1]]
[1]  5.10 12.10 14.55 27.25


[[17]]
[[17]][[1]]
[1]  4.3 16.8


