[[1]]
[[1]][[1]]
[1]  1.85  8.50 12.95 16.70


[[2]]
[[2]][[1]]
[1]  2.80 15.05 16.50 20.15


[[3]]
[[3]][[1]]
[1]  9.25 16.35


[[4]]
[[4]][[1]]
NULL


[[5]]
[[5]][[1]]
[1] 4.05


[[6]]
[[6]][[1]]
[1]  1.65  3.20  5.65 10.55 12.20 24.90 25.00


[[7]]
[[7]][[1]]
NULL


[[8]]
[[8]][[1]]
[1] 3.35 5.00


[[9]]
[[9]][[1]]
[1] 0.5 2.5 4.6


[[10]]
[[10]][[1]]
[1] 5.7


[[11]]
[[11]][[1]]
NULL


[[12]]
[[12]][[1]]
[1]  3.60  5.15 21.00


[[13]]
[[13]][[1]]
[1] 1.05


[[14]]
[[14]][[1]]
[1] 3.6


[[15]]
[[15]][[1]]
[1]  3.05 16.20


[[16]]
[[16]][[1]]
[1] 4.8


[[17]]
[[17]][[1]]
[1] 2.85 4.20


