[[1]]
[[1]][[1]]
[1] 0


[[2]]
[[2]][[1]]
NULL


[[3]]
[[3]][[1]]
[1] 10.40 12.85


[[4]]
[[4]][[1]]
[1] 10.55 14.70 17.25 19.80 20.60 20.80 20.90


[[5]]
[[5]][[1]]
[1] 5.5


[[6]]
[[6]][[1]]
[1]  9.15 14.60 22.85


[[7]]
[[7]][[1]]
[1] 2.05 3.05 5.45 5.80 9.25


[[8]]
[[8]][[1]]
NULL


[[9]]
[[9]][[1]]
[1]  5.05 12.00 19.00 22.20


[[10]]
[[10]][[1]]
[1]  6.10  7.25 15.30 20.45


[[11]]
[[11]][[1]]
[1]  6.10 16.05 19.75 27.45


[[12]]
[[12]][[1]]
[1] 15.75 16.00 16.90 17.40 17.60 17.85 21.00


[[13]]
[[13]][[1]]
[1]  2.25 22.10 27.25


[[14]]
[[14]][[1]]
[1]  6.05 25.55 25.75


[[15]]
[[15]][[1]]
[1] 12.30 13.70 20.75


[[16]]
[[16]][[1]]
[1] 4.25


[[17]]
[[17]][[1]]
[1]  5.65 18.00 18.50 19.10 19.55 20.50 25.00 26.00


