[[1]]
[[1]][[1]]
NULL


[[2]]
[[2]][[1]]
[1] 15.85 21.95


[[3]]
[[3]][[1]]
NULL


[[4]]
[[4]][[1]]
[1]  1.95  4.25 11.10 11.45 19.45 20.60


[[5]]
[[5]][[1]]
[1] 5.95


[[6]]
[[6]][[1]]
[1]  3.00  5.10 13.05 23.55


[[7]]
[[7]][[1]]
[1] 2.60 8.45


[[8]]
[[8]][[1]]
[1]  9.05 14.15


[[9]]
[[9]][[1]]
[1] 3.05 5.50 6.10


[[10]]
[[10]][[1]]
[1] 1.85 5.05


[[11]]
[[11]][[1]]
[1] 1.45 2.75


[[12]]
[[12]][[1]]
[1] 2.65


[[13]]
[[13]][[1]]
[1]  2.05  8.65 22.50 23.35 23.60


[[14]]
[[14]][[1]]
[1]  4.10 23.95


[[15]]
[[15]][[1]]
[1] 11.00 19.25


[[16]]
[[16]][[1]]
[1] 4.75


[[17]]
[[17]][[1]]
[1] 19.85


