[[1]]
[[1]][[1]]
NULL


[[2]]
[[2]][[1]]
NULL


[[3]]
[[3]][[1]]
[1] 17.40 22.75


[[4]]
[[4]][[1]]
NULL


[[5]]
[[5]][[1]]
[1] 11.85 14.40 20.50


[[6]]
[[6]][[1]]
NULL


[[7]]
[[7]][[1]]
[1]  4.20 13.55 20.70 24.00


[[8]]
[[8]][[1]]
[1]  3.25 24.45


[[9]]
[[9]][[1]]
[1] 3


[[10]]
[[10]][[1]]
[1] 1.55 6.00 7.55


[[11]]
[[11]][[1]]
[1] 10.65 17.05


[[12]]
[[12]][[1]]
[1] 0.0 9.6


[[13]]
[[13]][[1]]
[1] 10.40 22.85 23.20 25.20


[[14]]
[[14]][[1]]
[1] 2.5


[[15]]
[[15]][[1]]
[1] 4.55


[[16]]
[[16]][[1]]
[1] 13.00 24.55


[[17]]
[[17]][[1]]
[1]  1.60  3.35 23.05


