[[1]]
[[1]][[1]]
[1] 5.45


[[2]]
[[2]][[1]]
[1]  8.95 10.10


[[3]]
[[3]][[1]]
[1] 11.25 12.25 16.85 22.75 25.20


[[4]]
[[4]][[1]]
NULL


[[5]]
[[5]][[1]]
[1]  4.45 10.65 12.00


[[6]]
[[6]][[1]]
[1] 5.2


[[7]]
[[7]][[1]]
[1]  2.40 23.45


[[8]]
[[8]][[1]]
[1]  1.85 16.60 23.50


[[9]]
[[9]][[1]]
NULL


[[10]]
[[10]][[1]]
[1] 0.45


[[11]]
[[11]][[1]]
[1] 16.60 25.55


[[12]]
[[12]][[1]]
[1] 8


[[13]]
[[13]][[1]]
[1] 2.9 8.0


[[14]]
[[14]][[1]]
[1]  1.10 11.80 12.05 12.20


[[15]]
[[15]][[1]]
[1] 3.1


[[16]]
[[16]][[1]]
[1]  0.45  2.25 11.95 26.90


[[17]]
[[17]][[1]]
[1] 2.3 3.6 4.3


