[[1]]
[[1]][[1]]
[1]  9.8 10.9 19.9


[[2]]
[[2]][[1]]
[1]  1.40  3.20  3.95  4.60  6.50 10.85 12.60


[[3]]
[[3]][[1]]
[1] 5.80 8.15


[[4]]
[[4]][[1]]
[1] 0.90 4.45 4.75 5.30


[[5]]
[[5]][[1]]
[1] 2.15 8.40 8.70


[[6]]
[[6]][[1]]
[1]  7.40  7.90 10.00 14.15 20.60 23.15 23.80 24.25


[[7]]
[[7]][[1]]
[1] NA


[[8]]
[[8]][[1]]
NULL


[[9]]
[[9]][[1]]
[1] 3.2


[[10]]
[[10]][[1]]
[1] 1.45


[[11]]
[[11]][[1]]
[1]  4.10  8.85 11.40


[[12]]
[[12]][[1]]
[1] 4.10 5.45 6.80


[[13]]
[[13]][[1]]
[1] 5.15


[[14]]
[[14]][[1]]
[1] 10.7


[[15]]
[[15]][[1]]
NULL


[[16]]
[[16]][[1]]
[1] 2.20 3.80 5.45 6.25


[[17]]
[[17]][[1]]
[1]  1.05  1.30  2.40 13.15


