[[1]]
[[1]][[1]]
NULL


[[2]]
[[2]][[1]]
[1] 10.3


[[3]]
[[3]][[1]]
[1]  7.70 24.85 25.80


[[4]]
[[4]][[1]]
[1] 3.90 4.25


[[5]]
[[5]][[1]]
[1] 1.6


[[6]]
[[6]][[1]]
[1]  7.55 14.20 14.60 23.30 23.80


[[7]]
[[7]][[1]]
[1] 26.65


[[8]]
[[8]][[1]]
NULL


[[9]]
[[9]][[1]]
[1]  0.0 21.9


[[10]]
[[10]][[1]]
[1] 20.7


[[11]]
[[11]][[1]]
[1] 3.65


[[12]]
[[12]][[1]]
NULL


[[13]]
[[13]][[1]]
[1] 4.55


[[14]]
[[14]][[1]]
[1] 10.2


[[15]]
[[15]][[1]]
NULL


[[16]]
[[16]][[1]]
[1] 5.9 7.5


[[17]]
[[17]][[1]]
[1]  2.40 11.85 12.40 15.35


