[[1]]
[[1]][[1]]
NULL


[[2]]
[[2]][[1]]
[1] 3.75


[[3]]
[[3]][[1]]
NULL


[[4]]
[[4]][[1]]
[1]  0.45  2.65 25.70


[[5]]
[[5]][[1]]
[1]  0.45  4.25 12.35


[[6]]
[[6]][[1]]
[1] 11.65


[[7]]
[[7]][[1]]
[1] 6


[[8]]
[[8]][[1]]
NULL


[[9]]
[[9]][[1]]
[1] 10.35


[[10]]
[[10]][[1]]
[1] 10.55


[[11]]
[[11]][[1]]
[1] 11.85 13.30


[[12]]
[[12]][[1]]
[1]  1.30 14.15


[[13]]
[[13]][[1]]
[1] 15.75 16.65


[[14]]
[[14]][[1]]
[1] 14.60 24.75


[[15]]
[[15]][[1]]
 [1] 0.45 2.15 2.45 2.70 3.30 3.60 4.45 4.80 5.65 7.10 7.90


[[16]]
[[16]][[1]]
[1] 13.85


[[17]]
[[17]][[1]]
[1] 12.55 14.65


