[[1]]
[[1]][[1]]
NULL


[[2]]
[[2]][[1]]
[1] 0


[[3]]
[[3]][[1]]
[1] 5.8 7.7 9.0


[[4]]
[[4]][[1]]
 [1]  0.15 14.80 17.45 17.80 21.45 24.20 24.50 25.35 25.55 26.75 27.00


[[5]]
[[5]][[1]]
[1] 11.50 15.30 17.15 24.20 27.15


[[6]]
[[6]][[1]]
[1] 11.75


[[7]]
[[7]][[1]]
NULL


[[8]]
[[8]][[1]]
NULL


[[9]]
[[9]][[1]]
[1]  5.1  5.8 13.9 15.8 17.2


[[10]]
[[10]][[1]]
[1]  3.55 26.55


[[11]]
[[11]][[1]]
[1] 15.10 17.15 20.55 22.25


[[12]]
[[12]][[1]]
[1] 11.65


[[13]]
[[13]][[1]]
[1]  5.35  6.15  6.35  6.70  8.95  9.20 14.10


[[14]]
[[14]][[1]]
[1] 12.65 25.05


[[15]]
[[15]][[1]]
NULL


[[16]]
[[16]][[1]]
NULL


[[17]]
[[17]][[1]]
[1]  7.75 20.90 22.10 22.80 23.05 26.05


