[[1]]
[[1]][[1]]
[1] 15.8 18.0


[[2]]
[[2]][[1]]
NULL


[[3]]
[[3]][[1]]
[1] 21.65 26.05 26.45


[[4]]
[[4]][[1]]
NULL


[[5]]
[[5]][[1]]
[1] 5.35


[[6]]
[[6]][[1]]
[1]  0.00  9.05  9.45 15.65 16.10 17.10 25.15


[[7]]
[[7]][[1]]
[1] 11.85 22.25 22.70 24.05 26.75


[[8]]
[[8]][[1]]
[1] 10.10 15.60 20.15 21.65 26.05


[[9]]
[[9]][[1]]
[1] 4.5


[[10]]
[[10]][[1]]
[1] 12.20 27.15


[[11]]
[[11]][[1]]
NULL


[[12]]
[[12]][[1]]
[1]  2.65 26.80


[[13]]
[[13]][[1]]
[1]  3.05 16.35 18.30


[[14]]
[[14]][[1]]
[1]  3.55 10.50 22.60 26.35


[[15]]
[[15]][[1]]
[1] 16.2


[[16]]
[[16]][[1]]
[1] 20.1


[[17]]
[[17]][[1]]
[1] 13.90 24.55


