[[1]]
[[1]][[1]]
[1] 10.65 13.20


[[2]]
[[2]][[1]]
[1]  1.95  8.50 18.90 23.60


[[3]]
[[3]][[1]]
[1] 4.0 6.7


[[4]]
[[4]][[1]]
[1] 0.45


[[5]]
[[5]][[1]]
[1] 0.45 2.10 3.20


[[6]]
[[6]][[1]]
NULL


[[7]]
[[7]][[1]]
[1] 0.45 1.35


[[8]]
[[8]][[1]]
[1] 0.45 2.70 5.90 7.85


[[9]]
[[9]][[1]]
[1] 1.9 4.3


[[10]]
[[10]][[1]]
[1] 26.95


[[11]]
[[11]][[1]]
NULL


[[12]]
[[12]][[1]]
[1] 1.7


[[13]]
[[13]][[1]]
[1]  1.8 26.2


[[14]]
[[14]][[1]]
[1]  1.65 25.60


[[15]]
[[15]][[1]]
[1] 1.95


[[16]]
[[16]][[1]]
[1]  0.45 13.75


[[17]]
[[17]][[1]]
[1] 1.55


