[[1]]
[[1]][[1]]
[1] 11.00 13.75


[[2]]
[[2]][[1]]
[1]  3.55  8.80 20.85 23.95


[[3]]
[[3]][[1]]
[1] 4.85 7.50


[[4]]
[[4]][[1]]
[1] 1.9


[[5]]
[[5]][[1]]
[1] 0.7 3.0 3.3


[[6]]
[[6]][[1]]
NULL


[[7]]
[[7]][[1]]
[1] 0.65 3.05


[[8]]
[[8]][[1]]
[1] 0.60 3.60 5.90 8.25


[[9]]
[[9]][[1]]
[1] 3.15 4.40


[[10]]
[[10]][[1]]
NULL


[[11]]
[[11]][[1]]
NULL


[[12]]
[[12]][[1]]
[1] 3


[[13]]
[[13]][[1]]
[1] 3.05


[[14]]
[[14]][[1]]
[1] 3.95


[[15]]
[[15]][[1]]
[1] 3.8


[[16]]
[[16]][[1]]
[1]  0.80 14.95


[[17]]
[[17]][[1]]
[1] 3.55


