[[1]]
[[1]][[1]]
NULL


[[2]]
[[2]][[1]]
NULL


[[3]]
[[3]][[1]]
NULL


[[4]]
[[4]][[1]]
[1]  3.30 18.30 18.45 21.75 26.55


[[5]]
[[5]][[1]]
[1]  0.45  0.80  3.25  7.25 19.00


[[6]]
[[6]][[1]]
NULL


[[7]]
[[7]][[1]]
[1]  0.45  7.40 17.25 18.55 19.75 25.80


[[8]]
[[8]][[1]]
[1] 1.20 3.95


[[9]]
[[9]][[1]]
[1] 16.75 18.60


[[10]]
[[10]][[1]]
[1]  2.15 20.45 24.35


[[11]]
[[11]][[1]]
[1]  0.45 22.35 22.90 24.30


[[12]]
[[12]][[1]]
[1]  2.50 15.50 16.60 18.30 25.15


[[13]]
[[13]][[1]]
[1]  0.45  1.25  5.45 13.75 14.15 14.45 15.90 23.35


[[14]]
[[14]][[1]]
NULL


[[15]]
[[15]][[1]]
[1]  0.45 25.50


[[16]]
[[16]][[1]]
[1]  1.70 15.70 19.80 22.55 24.30


[[17]]
[[17]][[1]]
[1]  2.05  8.20 12.75 16.15 19.80 25.65


