[[1]]
[[1]][[1]]
NULL


[[2]]
[[2]][[1]]
NULL


[[3]]
[[3]][[1]]
NULL


[[4]]
[[4]][[1]]
[1] 19.45 20.50 21.40


[[5]]
[[5]][[1]]
[1]  2.60  3.25  4.55  7.20  9.90 11.70 13.90 21.80 25.15


[[6]]
[[6]][[1]]
NULL


[[7]]
[[7]][[1]]
[1]  7.85  8.55 11.00 13.55 19.35 25.05 26.25


[[8]]
[[8]][[1]]
[1] 3.05


[[9]]
[[9]][[1]]
[1] 17.85 26.25


[[10]]
[[10]][[1]]
[1] 13.00 22.25 22.40 23.60 26.05


[[11]]
[[11]][[1]]
[1]  1.40 20.75 22.55


[[12]]
[[12]][[1]]
[1]  3.85 17.20


[[13]]
[[13]][[1]]
[1]  1.90 15.75 16.40 16.90 17.35 21.30 23.30 23.75


[[14]]
[[14]][[1]]
NULL


[[15]]
[[15]][[1]]
NULL


[[16]]
[[16]][[1]]
[1]  2.45 16.15 16.80 18.90 20.25 21.65 22.55


[[17]]
[[17]][[1]]
NULL


