[[1]]
[[1]][[1]]
NULL


[[2]]
[[2]][[1]]
NULL


[[3]]
[[3]][[1]]
NULL


[[4]]
[[4]][[1]]
NULL


[[5]]
[[5]][[1]]
NULL


[[6]]
[[6]][[1]]
[1]  6.75 25.75 27.20


[[7]]
[[7]][[1]]
[1] 10.35 27.10


[[8]]
[[8]][[1]]
[1] 15.55 25.50


[[9]]
[[9]][[1]]
[1] 17.80 22.70 24.35 24.50 26.15


[[10]]
[[10]][[1]]
[1]  9.45 10.20 11.25 26.40


[[11]]
[[11]][[1]]
NULL


[[12]]
[[12]][[1]]
[1] 12.70 17.55 18.30


[[13]]
[[13]][[1]]
[1]  6.55  7.15  8.60  9.75 12.70 15.55 21.90 26.05


[[14]]
[[14]][[1]]
[1] 12.40 19.85 22.65


[[15]]
[[15]][[1]]
[1] 10.4 15.7


[[16]]
[[16]][[1]]
[1]  9.2 27.2


[[17]]
[[17]][[1]]
[1] 10.50 14.60 16.05 22.90


