[[1]]
[[1]][[1]]
NULL


[[2]]
[[2]][[1]]
NULL


[[3]]
[[3]][[1]]
NULL


[[4]]
[[4]][[1]]
NULL


[[5]]
[[5]][[1]]
NULL


[[6]]
[[6]][[1]]
[1]  6.45  7.00 26.15


[[7]]
[[7]][[1]]
[1] 7.2


[[8]]
[[8]][[1]]
[1] 14.15 14.60


[[9]]
[[9]][[1]]
[1]  9.75 11.65 17.10 17.40 18.15 21.50


[[10]]
[[10]][[1]]
[1]  1.40  7.65  8.30  9.45 26.55


[[11]]
[[11]][[1]]
[1] 3.35


[[12]]
[[12]][[1]]
[1]  7.35 10.75 11.40 13.20


[[13]]
[[13]][[1]]
[1]  0.65 15.05 22.35


[[14]]
[[14]][[1]]
[1]  0.50  9.40 11.55 21.75 26.10


[[15]]
[[15]][[1]]
[1]  5.35  6.20  6.50  7.70 15.85


[[16]]
[[16]][[1]]
[1]  2.45  2.75  4.25  9.35 26.80


[[17]]
[[17]][[1]]
[1]  1.90  6.80 10.75 15.05 16.45


