[[1]]
[[1]][[1]]
NULL


[[2]]
[[2]][[1]]
NULL


[[3]]
[[3]][[1]]
NULL


[[4]]
[[4]][[1]]
NULL


[[5]]
[[5]][[1]]
NULL


[[6]]
[[6]][[1]]
[1]  6.15  6.75 23.90


[[7]]
[[7]][[1]]
[1]  6.55 26.15


[[8]]
[[8]][[1]]
[1] 13.0 14.6


[[9]]
[[9]][[1]]
[1]  8.9 10.7 16.3 17.2 17.5 21.4


[[10]]
[[10]][[1]]
[1]  0.45  7.40  7.85  8.70 26.00


[[11]]
[[11]][[1]]
[1] 0.45


[[12]]
[[12]][[1]]
[1]  0.45 10.35 11.00 13.20


[[13]]
[[13]][[1]]
[1]  0.55 14.40 21.20


[[14]]
[[14]][[1]]
[1]  0.45  8.00 10.60 21.25 25.50


[[15]]
[[15]][[1]]
[1]  5.15  5.75  6.45  6.75 15.60


[[16]]
[[16]][[1]]
[1]  1.85  2.75  3.20  8.30 26.75


[[17]]
[[17]][[1]]
[1]  1.3  6.5  9.9 15.0 16.4


