[[1]]
[[1]][[1]]
[1]  8.85 10.85


[[2]]
[[2]][[1]]
[1]  1.95 13.15 15.65 17.80


[[3]]
[[3]][[1]]
[1] 12.6


[[4]]
[[4]][[1]]
NULL


[[5]]
[[5]][[1]]
[1] 5.65


[[6]]
[[6]][[1]]
[1] 3.35


[[7]]
[[7]][[1]]
[1] 0.5 3.8 4.4 5.2 5.5


[[8]]
[[8]][[1]]
[1] 1.80 3.70 3.85


[[9]]
[[9]][[1]]
NULL


[[10]]
[[10]][[1]]
[1]  3.80 22.25


[[11]]
[[11]][[1]]
[1] 5.60 5.95


[[12]]
[[12]][[1]]
[1] 1.20 7.85


[[13]]
[[13]][[1]]
[1] 1.4


[[14]]
[[14]][[1]]
[1] 3.45


[[15]]
[[15]][[1]]
[1] 14.30 15.25 15.55


[[16]]
[[16]][[1]]
[1]  2.45 23.35


[[17]]
[[17]][[1]]
[1]  5.05 22.15


