[[1]]
[[1]][[1]]
[1] 8.15 9.25


[[2]]
[[2]][[1]]
[1]  0.45 11.35 15.10 16.70


[[3]]
[[3]][[1]]
[1] 10.75


[[4]]
[[4]][[1]]
NULL


[[5]]
[[5]][[1]]
[1] 4.35


[[6]]
[[6]][[1]]
[1] 1.95


[[7]]
[[7]][[1]]
[1] 0.45 2.70 4.30 5.00 5.40


[[8]]
[[8]][[1]]
[1] 1.75 2.10 3.80


[[9]]
[[9]][[1]]
NULL


[[10]]
[[10]][[1]]
[1]  2.30 21.75


[[11]]
[[11]][[1]]
[1] 5.45 5.85


[[12]]
[[12]][[1]]
[1] 0.45 6.50


[[13]]
[[13]][[1]]
[1] 0.45


[[14]]
[[14]][[1]]
[1] 1.35


[[15]]
[[15]][[1]]
[1] 12.8 15.2 15.5


[[16]]
[[16]][[1]]
[1]  0.70 22.55


[[17]]
[[17]][[1]]
[1]  2.7 21.5


