[[1]]
[[1]][[1]]
[1] 12.15 15.60 16.15 18.25


[[2]]
[[2]][[1]]
[1] 12.55 13.55 18.05 20.85


[[3]]
[[3]][[1]]
[1] 13.75 25.80 26.25


[[4]]
[[4]][[1]]
[1] 13.80 22.30 23.10 23.25 23.45 23.60


[[5]]
[[5]][[1]]
[1]  0.05  5.40 14.60 15.40 15.70 21.60 27.20


[[6]]
[[6]][[1]]
[1]  5.45 10.65 17.65


[[7]]
[[7]][[1]]
[1]  9.05 12.05 21.20 23.20 25.60


[[8]]
[[8]][[1]]
[1]  4.15  4.40  4.60 15.40


[[9]]
[[9]][[1]]
[1]  8.05 11.40 11.85 14.85 15.05


[[10]]
[[10]][[1]]
[1]  4.35 10.15 14.35 22.75


[[11]]
[[11]][[1]]
[1] 12.1 23.7


[[12]]
[[12]][[1]]
[1] 11.50 19.65 26.35


[[13]]
[[13]][[1]]
[1]  3.30  9.65 11.75 13.70 21.85 22.40 26.85


[[14]]
[[14]][[1]]
[1]  4.10 11.65 14.30 14.45 16.75 24.70


[[15]]
[[15]][[1]]
[1]  0.65 15.15 23.45


[[16]]
[[16]][[1]]
[1]  3.00  5.55  6.95 13.60 16.30 22.95


[[17]]
[[17]][[1]]
[1]  5.30 21.85


