[[1]]
[[1]][[1]]
[1]  0.45  7.15 11.60 15.55


[[2]]
[[2]][[1]]
[1]  2.2 14.4 16.5 20.1


[[3]]
[[3]][[1]]
[1]  8.40 15.75


[[4]]
[[4]][[1]]
NULL


[[5]]
[[5]][[1]]
[1] 3.25


[[6]]
[[6]][[1]]
[1]  0.95  2.30  5.60  9.60 11.05 24.85 25.00


[[7]]
[[7]][[1]]
NULL


[[8]]
[[8]][[1]]
[1] 2.80 3.75


[[9]]
[[9]][[1]]
[1] 0.45 1.50 3.50


[[10]]
[[10]][[1]]
[1] 4.35


[[11]]
[[11]][[1]]
NULL


[[12]]
[[12]][[1]]
[1]  2.55  4.15 20.00 25.10


[[13]]
[[13]][[1]]
[1] 0.45


[[14]]
[[14]][[1]]
[1] 2.1


[[15]]
[[15]][[1]]
[1]  1.55 16.15


[[16]]
[[16]][[1]]
[1]  4.8 27.0


[[17]]
[[17]][[1]]
[1] 0.45 3.05


