[[1]]
[[1]][[1]]
NULL


[[2]]
[[2]][[1]]
[1] 24.05 24.65


[[3]]
[[3]][[1]]
[1] 24.50 25.00 25.25 25.85


[[4]]
[[4]][[1]]
NULL


[[5]]
[[5]][[1]]
[1] 0.2


[[6]]
[[6]][[1]]
[1]  0.0 18.6 22.0


[[7]]
[[7]][[1]]
[1]  0.10 13.75 16.95 19.65


[[8]]
[[8]][[1]]
[1] 21.65


[[9]]
[[9]][[1]]
[1] 18.75


[[10]]
[[10]][[1]]
[1]  9.5 11.6 16.0


[[11]]
[[11]][[1]]
[1] 15.35


[[12]]
[[12]][[1]]
[1] 16.85 19.05 25.20 25.55 25.85 26.45


[[13]]
[[13]][[1]]
[1] 6.35


[[14]]
[[14]][[1]]
[1] 21.90 22.95


[[15]]
[[15]][[1]]
[1]  1.40 15.75 23.25


[[16]]
[[16]][[1]]
[1]  3.85  4.00 22.40 23.30 23.40


[[17]]
[[17]][[1]]
[1]  8.25 12.05 21.00


