[[1]]
[[1]][[1]]
[1]  8.10 11.95 26.70


[[2]]
[[2]][[1]]
[1]  0.50  6.80  7.85 13.55


[[3]]
[[3]][[1]]
[1]  1.85 18.80 20.75 21.00 24.00 24.55


[[4]]
[[4]][[1]]
[1] 22.3


[[5]]
[[5]][[1]]
NULL


[[6]]
[[6]][[1]]
[1]  6.95 10.05 17.35 17.75


[[7]]
[[7]][[1]]
[1]  8.9  9.6 19.0


[[8]]
[[8]][[1]]
[1] 0.45 2.10


[[9]]
[[9]][[1]]
[1]  0.45  0.90  4.40 13.65 17.35 24.00


[[10]]
[[10]][[1]]
[1] 1.3


[[11]]
[[11]][[1]]
[1]  1.35  3.40 10.95 26.75


[[12]]
[[12]][[1]]
[1] 0.45 2.00


[[13]]
[[13]][[1]]
[1] 0.45 1.85 2.55 4.40


[[14]]
[[14]][[1]]
[1]  1.7 15.7 18.9 21.4


[[15]]
[[15]][[1]]
[1]  0.45  3.55 23.40


[[16]]
[[16]][[1]]
[1]  2.35 22.40


[[17]]
[[17]][[1]]
[1] 5.45 6.30


