[[1]]
[[1]][[1]]
[1]  8.95 12.70


[[2]]
[[2]][[1]]
[1]  1.30  7.15  9.50 14.25


[[3]]
[[3]][[1]]
[1]  2.55 19.50 20.85 21.45 24.30 24.60


[[4]]
[[4]][[1]]
NULL


[[5]]
[[5]][[1]]
NULL


[[6]]
[[6]][[1]]
[1]  7.30 10.95 17.50 19.00


[[7]]
[[7]][[1]]
[1]  8.9 11.5 20.1


[[8]]
[[8]][[1]]
[1] 1.15 3.50


[[9]]
[[9]][[1]]
[1]  0.55  1.10  4.45 14.95 17.75


[[10]]
[[10]][[1]]
[1] 1.35


[[11]]
[[11]][[1]]
[1]  2.30  6.00 11.95


[[12]]
[[12]][[1]]
[1] 0.7 3.4


[[13]]
[[13]][[1]]
[1] 0.70 2.45 3.55 5.30


[[14]]
[[14]][[1]]
[1]  2.05 15.75 21.15 21.70


[[15]]
[[15]][[1]]
[1]  0.50  3.55 23.40


[[16]]
[[16]][[1]]
[1]  4.0 22.7


[[17]]
[[17]][[1]]
[1] 5.95 8.75


