[[1]]
[[1]][[1]]
[1] 30.05


[[2]]
[[2]][[1]]
[1] 15.05 20.95 26.15


[[3]]
[[3]][[1]]
NULL


[[4]]
[[4]][[1]]
[1]  1.35  3.50  9.95 11.40 19.40 20.60


[[5]]
[[5]][[1]]
[1] 3.4


[[6]]
[[6]][[1]]
[1]  1.80  4.95 12.80 23.35


[[7]]
[[7]][[1]]
[1] 1.6 8.4


[[8]]
[[8]][[1]]
[1]  8.25 13.20


[[9]]
[[9]][[1]]
[1] 2.1 3.4 6.1


[[10]]
[[10]][[1]]
[1] 0.85 3.15


[[11]]
[[11]][[1]]
[1] 0.45 2.75


[[12]]
[[12]][[1]]
[1] 0.45


[[13]]
[[13]][[1]]
[1]  1.60  8.65 21.40 22.95 23.55


[[14]]
[[14]][[1]]
[1]  1.50 23.85


[[15]]
[[15]][[1]]
[1]  8.5 18.2


[[16]]
[[16]][[1]]
[1] 1.55


[[17]]
[[17]][[1]]
[1] 19.8


